70 12 16
0 0 0 0 0 0 0 0 0 0 0 0 0 0 0 0 
1 2 3 0 0 4 5 6 7 8 3 0 9 10 7 11 
12 13 14 0 4 15 16 17 18 19 14 0 0 20 21 22 
19 23 24 25 26 27 24 25 28 29 0 30 9 31 21 32 
33 34 0 27 35 0 0 27 16 17 36 27 0 20 21 22 
37 38 0 30 24 25 0 4 30 36 30 36 9 31 21 32 
33 34 0 27 0 27 4 15 35 0 35 0 0 20 21 22 
39 40 41 0 30 36 26 35 24 25 30 0 9 31 21 32 
12 42 43 44 35 0 45 44 0 27 45 44 0 20 21 22 
46 47 48 49 50 50 51 52 50 50 53 49 50 54 21 32 
12 55 56 57 58 57 59 60 58 57 61 57 58 57 21 22 
46 62 63 64 65 66 67 68 65 66 63 64 65 66 69 38 




















































































































































































