41
0 7 304 100 -1 264 392 120 -1
1 7 385 100 -1 264 392 120 -1
2 7 870 100 -1 872 880 120 -1
3 7 1200 70 -1 1165 1238 120 -1
4 7 1232 70 -1 1165 1238 120 -1
5 7 1912 165 -1 1900 1940 120 -1
6 7 2976 70 -1 2965 3008 120 -1
7 16 528 120 -1 0 0 120 -1
8 16 640 150 -1 0 0 120 -1
9 16 1486 85 -1 0 0 120 -1
10 16 2104 85 -1 0 0 120 -1
11 16 2275 55 -1 0 0 120 -1
12 16 2465 55 -1 0 0 120 -1
13 16 2685 85 -1 0 0 120 -1
14 14 1580 125 -1 1320 1580 120 -1
15 14 1616 157 1 1320 3020 120 -1
16 14 1664 157 -1 1605 1730 120 -1
17 5 1065 62 -1 968 1080 120 -1
18 5 1160 160 -1 1100 1172 120 -1
19 4 2736 110 1 50 3020 120 -1
20 2 912 176 -1 80 3000 120 -1
21 2 1408 168 -1 90 3000 120 -1
22 2 1432 176 -1 95 3000 120 -1
23 2 2400 152 -1 90 3000 120 -1
24 2 2680 152 -1 95 3000 120 -1
25 2 3008 172 -1 98 3030 120 -1
26 15 344 115 1 0 0 -1 3
27 15 448 138 1 0 0 -1 2
28 15 712 162 1 0 0 -1 0
29 15 1008 162 1 0 0 -1 8
30 15 1168 75 1 0 0 -1 2
31 15 1392 146 1 0 0 -1 1
32 15 1504 146 1 0 0 -1 3
33 15 1688 106 1 0 0 -1 6
34 15 1840 82 1 0 0 -1 0
35 15 2080 114 1 0 0 -1 1
36 15 2184 138 1 0 0 -1 3
37 15 2376 108 1 0 0 -1 2
38 15 2544 108 1 0 0 -1 0
39 15 2624 115 1 0 0 -1 8
40 15 2856 138 1 0 0 -1 2
