34
0 4 233 44 1 30 2015 120 -1
1 4 920 115 -1 30 2015 120 -1
2 4 937 115 1 30 2015 100 -1
3 4 1268 44 -1 30 2015 123 -1
4 7 260 70 -1 30 538 100 -1
5 7 293 70 -1 30 538 100 -1
6 7 340 70 -1 30 538 120 -1
7 7 450 70 -1 30 538 120 -1
8 7 1291 130 -1 1278 1362 60 -1
9 7 1456 130 -1 1440 1450 90 -1
10 7 1496 162 -1 1470 1520 100 -1
11 7 1896 66 -1 1800 2015 120 -1
12 7 1980 66 -1 1800 2015 111 -1
13 6 1363 66 -1 1130 1388 110 -1
14 5 816 94 -1 806 815 90 -1
15 5 1230 135 -1 1215 1232 50 -1
16 3 325 82 1 0 0 -1 3
17 3 421 82 1 0 0 -1 3
18 3 565 82 1 0 0 -1 2
19 3 630 97 1 0 0 -1 4
20 3 756 113 1 0 0 -1 7
21 3 884 145 1 0 0 -1 1
22 3 1140 81 1 0 0 -1 2
23 3 1172 145 1 0 0 -1 6
24 3 1318 145 1 0 0 -1 2
25 3 1652 82 1 0 0 -1 1
26 3 1844 82 1 0 0 -1 0
27 2 548 145 -1 50 2015 100 -1
28 2 708 145 -1 50 2015 100 -1
29 2 1045 128 1 50 2015 90 -1
30 2 1558 128 1 50 2015 100 -1
31 2 1715 143 -1 50 2015 90 -1
32 2 1861 141 -1 50 2015 90 -1
33 1 617 59 1 455 900 80 -1